3481
(1, 2)
(2, 1)
(2, 3)
(3, 2)
(3, 4)
(4, 3)
(4, 5)
(5, 4)
(5, 6)
(6, 5)
(6, 7)
(7, 6)
(7, 8)
(8, 7)
(8, 9)
(9, 8)
(9, 10)
(10, 9)
(10, 11)
(11, 10)
(11, 12)
(12, 11)
(12, 13)
(13, 12)
(13, 14)
(14, 13)
(14, 15)
(15, 14)
(15, 16)
(16, 15)
(16, 17)
(17, 16)
(17, 18)
(18, 17)
(18, 19)
(19, 18)
(19, 20)
(20, 19)
(20, 21)
(21, 20)
(21, 22)
(22, 21)
(22, 23)
(23, 22)
(23, 24)
(24, 23)
(24, 25)
(25, 24)
(25, 26)
(26, 25)
(26, 27)
(27, 26)
(27, 28)
(28, 27)
(28, 29)
(29, 28)
(29, 30)
(30, 29)
(31, 32)
(32, 31)
(32, 33)
(33, 32)
(33, 34)
(34, 33)
(34, 35)
(35, 34)
(35, 36)
(36, 35)
(36, 37)
(37, 36)
(37, 38)
(38, 37)
(38, 39)
(39, 38)
(39, 40)
(40, 39)
(40, 41)
(41, 40)
(41, 42)
(42, 41)
(42, 43)
(43, 42)
(43, 44)
(44, 43)
(44, 45)
(45, 44)
(45, 46)
(46, 45)
(46, 47)
(47, 46)
(47, 48)
(48, 47)
(48, 49)
(49, 48)
(49, 50)
(50, 49)
(50, 51)
(51, 50)
(51, 52)
(52, 51)
(52, 53)
(53, 52)
(53, 54)
(54, 53)
(54, 55)
(55, 54)
(55, 56)
(56, 55)
(56, 57)
(57, 56)
(57, 58)
(58, 57)
(58, 59)
(59, 58)
(59, 60)
(60, 59)
(61, 62)
(62, 61)
(62, 63)
(63, 62)
(63, 64)
(64, 63)
(64, 65)
(65, 64)
(65, 66)
(66, 65)
(66, 67)
(67, 66)
(67, 68)
(68, 67)
(68, 69)
(69, 68)
(69, 70)
(70, 69)
(70, 71)
(71, 70)
(71, 72)
(72, 71)
(72, 73)
(73, 72)
(73, 74)
(74, 73)
(74, 75)
(75, 74)
(75, 76)
(76, 75)
(76, 77)
(77, 76)
(77, 78)
(78, 77)
(78, 79)
(79, 78)
(79, 80)
(80, 79)
(80, 81)
(81, 80)
(81, 82)
(82, 81)
(82, 83)
(83, 82)
(83, 84)
(84, 83)
(84, 85)
(85, 84)
(85, 86)
(86, 85)
(86, 87)
(87, 86)
(87, 88)
(88, 87)
(88, 89)
(89, 88)
(89, 90)
(90, 89)
(91, 92)
(92, 91)
(92, 93)
(93, 92)
(93, 94)
(94, 93)
(94, 95)
(95, 94)
(95, 96)
(96, 95)
(96, 97)
(97, 96)
(97, 98)
(98, 97)
(98, 99)
(99, 98)
(99, 100)
(100, 99)
(100, 101)
(101, 100)
(101, 102)
(102, 101)
(102, 103)
(103, 102)
(103, 104)
(104, 103)
(104, 105)
(105, 104)
(105, 106)
(106, 105)
(106, 107)
(107, 106)
(107, 108)
(108, 107)
(108, 109)
(109, 108)
(109, 110)
(110, 109)
(110, 111)
(111, 110)
(111, 112)
(112, 111)
(112, 113)
(113, 112)
(113, 114)
(114, 113)
(114, 115)
(115, 114)
(115, 116)
(116, 115)
(116, 117)
(117, 116)
(117, 118)
(118, 117)
(118, 119)
(119, 118)
(119, 120)
(120, 119)
(121, 122)
(122, 121)
(122, 123)
(123, 122)
(123, 124)
(124, 123)
(124, 125)
(125, 124)
(125, 126)
(126, 125)
(126, 127)
(127, 126)
(127, 128)
(128, 127)
(128, 129)
(129, 128)
(129, 130)
(130, 129)
(130, 131)
(131, 130)
(131, 132)
(132, 131)
(132, 133)
(133, 132)
(133, 134)
(134, 133)
(134, 135)
(135, 134)
(135, 136)
(136, 135)
(136, 137)
(137, 136)
(137, 138)
(138, 137)
(138, 139)
(139, 138)
(139, 140)
(140, 139)
(140, 141)
(141, 140)
(141, 142)
(142, 141)
(142, 143)
(143, 142)
(143, 144)
(144, 143)
(144, 145)
(145, 144)
(145, 146)
(146, 145)
(146, 147)
(147, 146)
(147, 148)
(148, 147)
(148, 149)
(149, 148)
(149, 150)
(150, 149)
(151, 152)
(152, 151)
(152, 153)
(153, 152)
(153, 154)
(154, 153)
(154, 155)
(155, 154)
(155, 156)
(156, 155)
(156, 157)
(157, 156)
(157, 158)
(158, 157)
(158, 159)
(159, 158)
(159, 160)
(160, 159)
(160, 161)
(161, 160)
(161, 162)
(162, 161)
(162, 163)
(163, 162)
(163, 164)
(164, 163)
(164, 165)
(165, 164)
(165, 166)
(166, 165)
(166, 167)
(167, 166)
(167, 168)
(168, 167)
(168, 169)
(169, 168)
(169, 170)
(170, 169)
(170, 171)
(171, 170)
(171, 172)
(172, 171)
(172, 173)
(173, 172)
(173, 174)
(174, 173)
(174, 175)
(175, 174)
(175, 176)
(176, 175)
(176, 177)
(177, 176)
(177, 178)
(178, 177)
(178, 179)
(179, 178)
(179, 180)
(180, 179)
(181, 182)
(182, 181)
(182, 183)
(183, 182)
(183, 184)
(184, 183)
(184, 185)
(185, 184)
(185, 186)
(186, 185)
(186, 187)
(187, 186)
(187, 188)
(188, 187)
(188, 189)
(189, 188)
(189, 190)
(190, 189)
(190, 191)
(191, 190)
(191, 192)
(192, 191)
(192, 193)
(193, 192)
(193, 194)
(194, 193)
(194, 195)
(195, 194)
(195, 196)
(196, 195)
(196, 197)
(197, 196)
(197, 198)
(198, 197)
(198, 199)
(199, 198)
(199, 200)
(200, 199)
(200, 201)
(201, 200)
(201, 202)
(202, 201)
(202, 203)
(203, 202)
(203, 204)
(204, 203)
(204, 205)
(205, 204)
(205, 206)
(206, 205)
(206, 207)
(207, 206)
(207, 208)
(208, 207)
(208, 209)
(209, 208)
(209, 210)
(210, 209)
(211, 212)
(212, 211)
(212, 213)
(213, 212)
(213, 214)
(214, 213)
(214, 215)
(215, 214)
(215, 216)
(216, 215)
(216, 217)
(217, 216)
(217, 218)
(218, 217)
(218, 219)
(219, 218)
(219, 220)
(220, 219)
(220, 221)
(221, 220)
(221, 222)
(222, 221)
(222, 223)
(223, 222)
(223, 224)
(224, 223)
(224, 225)
(225, 224)
(225, 226)
(226, 225)
(226, 227)
(227, 226)
(227, 228)
(228, 227)
(228, 229)
(229, 228)
(229, 230)
(230, 229)
(230, 231)
(231, 230)
(231, 232)
(232, 231)
(232, 233)
(233, 232)
(233, 234)
(234, 233)
(234, 235)
(235, 234)
(235, 236)
(236, 235)
(236, 237)
(237, 236)
(237, 238)
(238, 237)
(238, 239)
(239, 238)
(239, 240)
(240, 239)
(241, 242)
(242, 241)
(242, 243)
(243, 242)
(243, 244)
(244, 243)
(244, 245)
(245, 244)
(245, 246)
(246, 245)
(246, 247)
(247, 246)
(247, 248)
(248, 247)
(248, 249)
(249, 248)
(249, 250)
(250, 249)
(250, 251)
(251, 250)
(251, 252)
(252, 251)
(252, 253)
(253, 252)
(253, 254)
(254, 253)
(254, 255)
(255, 254)
(255, 256)
(256, 255)
(256, 257)
(257, 256)
(257, 258)
(258, 257)
(258, 259)
(259, 258)
(259, 260)
(260, 259)
(260, 261)
(261, 260)
(261, 262)
(262, 261)
(262, 263)
(263, 262)
(263, 264)
(264, 263)
(264, 265)
(265, 264)
(265, 266)
(266, 265)
(266, 267)
(267, 266)
(267, 268)
(268, 267)
(268, 269)
(269, 268)
(269, 270)
(270, 269)
(271, 272)
(272, 271)
(272, 273)
(273, 272)
(273, 274)
(274, 273)
(274, 275)
(275, 274)
(275, 276)
(276, 275)
(276, 277)
(277, 276)
(277, 278)
(278, 277)
(278, 279)
(279, 278)
(279, 280)
(280, 279)
(280, 281)
(281, 280)
(281, 282)
(282, 281)
(282, 283)
(283, 282)
(283, 284)
(284, 283)
(284, 285)
(285, 284)
(285, 286)
(286, 285)
(286, 287)
(287, 286)
(287, 288)
(288, 287)
(288, 289)
(289, 288)
(289, 290)
(290, 289)
(290, 291)
(291, 290)
(291, 292)
(292, 291)
(292, 293)
(293, 292)
(293, 294)
(294, 293)
(294, 295)
(295, 294)
(295, 296)
(296, 295)
(296, 297)
(297, 296)
(297, 298)
(298, 297)
(298, 299)
(299, 298)
(299, 300)
(300, 299)
(301, 302)
(302, 301)
(302, 303)
(303, 302)
(303, 304)
(304, 303)
(304, 305)
(305, 304)
(305, 306)
(306, 305)
(306, 307)
(307, 306)
(307, 308)
(308, 307)
(308, 309)
(309, 308)
(309, 310)
(310, 309)
(310, 311)
(311, 310)
(311, 312)
(312, 311)
(312, 313)
(313, 312)
(313, 314)
(314, 313)
(314, 315)
(315, 314)
(315, 316)
(316, 315)
(316, 317)
(317, 316)
(317, 318)
(318, 317)
(318, 319)
(319, 318)
(319, 320)
(320, 319)
(320, 321)
(321, 320)
(321, 322)
(322, 321)
(322, 323)
(323, 322)
(323, 324)
(324, 323)
(324, 325)
(325, 324)
(325, 326)
(326, 325)
(326, 327)
(327, 326)
(327, 328)
(328, 327)
(328, 329)
(329, 328)
(329, 330)
(330, 329)
(331, 332)
(332, 331)
(332, 333)
(333, 332)
(333, 334)
(334, 333)
(334, 335)
(335, 334)
(335, 336)
(336, 335)
(336, 337)
(337, 336)
(337, 338)
(338, 337)
(338, 339)
(339, 338)
(339, 340)
(340, 339)
(340, 341)
(341, 340)
(341, 342)
(342, 341)
(342, 343)
(343, 342)
(343, 344)
(344, 343)
(344, 345)
(345, 344)
(345, 346)
(346, 345)
(346, 347)
(347, 346)
(347, 348)
(348, 347)
(348, 349)
(349, 348)
(349, 350)
(350, 349)
(350, 351)
(351, 350)
(351, 352)
(352, 351)
(352, 353)
(353, 352)
(353, 354)
(354, 353)
(354, 355)
(355, 354)
(355, 356)
(356, 355)
(356, 357)
(357, 356)
(357, 358)
(358, 357)
(358, 359)
(359, 358)
(359, 360)
(360, 359)
(361, 362)
(362, 361)
(362, 363)
(363, 362)
(363, 364)
(364, 363)
(364, 365)
(365, 364)
(365, 366)
(366, 365)
(366, 367)
(367, 366)
(367, 368)
(368, 367)
(368, 369)
(369, 368)
(369, 370)
(370, 369)
(370, 371)
(371, 370)
(371, 372)
(372, 371)
(372, 373)
(373, 372)
(373, 374)
(374, 373)
(374, 375)
(375, 374)
(375, 376)
(376, 375)
(376, 377)
(377, 376)
(377, 378)
(378, 377)
(378, 379)
(379, 378)
(379, 380)
(380, 379)
(380, 381)
(381, 380)
(381, 382)
(382, 381)
(382, 383)
(383, 382)
(383, 384)
(384, 383)
(384, 385)
(385, 384)
(385, 386)
(386, 385)
(386, 387)
(387, 386)
(387, 388)
(388, 387)
(388, 389)
(389, 388)
(389, 390)
(390, 389)
(391, 392)
(392, 391)
(392, 393)
(393, 392)
(393, 394)
(394, 393)
(394, 395)
(395, 394)
(395, 396)
(396, 395)
(396, 397)
(397, 396)
(397, 398)
(398, 397)
(398, 399)
(399, 398)
(399, 400)
(400, 399)
(400, 401)
(401, 400)
(401, 402)
(402, 401)
(402, 403)
(403, 402)
(403, 404)
(404, 403)
(404, 405)
(405, 404)
(405, 406)
(406, 405)
(406, 407)
(407, 406)
(407, 408)
(408, 407)
(408, 409)
(409, 408)
(409, 410)
(410, 409)
(410, 411)
(411, 410)
(411, 412)
(412, 411)
(412, 413)
(413, 412)
(413, 414)
(414, 413)
(414, 415)
(415, 414)
(415, 416)
(416, 415)
(416, 417)
(417, 416)
(417, 418)
(418, 417)
(418, 419)
(419, 418)
(419, 420)
(420, 419)
(421, 422)
(422, 421)
(422, 423)
(423, 422)
(423, 424)
(424, 423)
(424, 425)
(425, 424)
(425, 426)
(426, 425)
(426, 427)
(427, 426)
(427, 428)
(428, 427)
(428, 429)
(429, 428)
(429, 430)
(430, 429)
(430, 431)
(431, 430)
(431, 432)
(432, 431)
(432, 433)
(433, 432)
(433, 434)
(434, 433)
(434, 435)
(435, 434)
(435, 436)
(436, 435)
(436, 437)
(437, 436)
(437, 438)
(438, 437)
(438, 439)
(439, 438)
(439, 440)
(440, 439)
(440, 441)
(441, 440)
(441, 442)
(442, 441)
(442, 443)
(443, 442)
(443, 444)
(444, 443)
(444, 445)
(445, 444)
(445, 446)
(446, 445)
(446, 447)
(447, 446)
(447, 448)
(448, 447)
(448, 449)
(449, 448)
(449, 450)
(450, 449)
(451, 452)
(452, 451)
(452, 453)
(453, 452)
(453, 454)
(454, 453)
(454, 455)
(455, 454)
(455, 456)
(456, 455)
(456, 457)
(457, 456)
(457, 458)
(458, 457)
(458, 459)
(459, 458)
(459, 460)
(460, 459)
(460, 461)
(461, 460)
(461, 462)
(462, 461)
(462, 463)
(463, 462)
(463, 464)
(464, 463)
(464, 465)
(465, 464)
(465, 466)
(466, 465)
(466, 467)
(467, 466)
(467, 468)
(468, 467)
(468, 469)
(469, 468)
(469, 470)
(470, 469)
(470, 471)
(471, 470)
(471, 472)
(472, 471)
(472, 473)
(473, 472)
(473, 474)
(474, 473)
(474, 475)
(475, 474)
(475, 476)
(476, 475)
(476, 477)
(477, 476)
(477, 478)
(478, 477)
(478, 479)
(479, 478)
(479, 480)
(480, 479)
(481, 482)
(482, 481)
(482, 483)
(483, 482)
(483, 484)
(484, 483)
(484, 485)
(485, 484)
(485, 486)
(486, 485)
(486, 487)
(487, 486)
(487, 488)
(488, 487)
(488, 489)
(489, 488)
(489, 490)
(490, 489)
(490, 491)
(491, 490)
(491, 492)
(492, 491)
(492, 493)
(493, 492)
(493, 494)
(494, 493)
(494, 495)
(495, 494)
(495, 496)
(496, 495)
(496, 497)
(497, 496)
(497, 498)
(498, 497)
(498, 499)
(499, 498)
(499, 500)
(500, 499)
(500, 501)
(501, 500)
(501, 502)
(502, 501)
(502, 503)
(503, 502)
(503, 504)
(504, 503)
(504, 505)
(505, 504)
(505, 506)
(506, 505)
(506, 507)
(507, 506)
(507, 508)
(508, 507)
(508, 509)
(509, 508)
(509, 510)
(510, 509)
(511, 512)
(512, 511)
(512, 513)
(513, 512)
(513, 514)
(514, 513)
(514, 515)
(515, 514)
(515, 516)
(516, 515)
(516, 517)
(517, 516)
(517, 518)
(518, 517)
(518, 519)
(519, 518)
(519, 520)
(520, 519)
(520, 521)
(521, 520)
(521, 522)
(522, 521)
(522, 523)
(523, 522)
(523, 524)
(524, 523)
(524, 525)
(525, 524)
(525, 526)
(526, 525)
(526, 527)
(527, 526)
(527, 528)
(528, 527)
(528, 529)
(529, 528)
(529, 530)
(530, 529)
(530, 531)
(531, 530)
(531, 532)
(532, 531)
(532, 533)
(533, 532)
(533, 534)
(534, 533)
(534, 535)
(535, 534)
(535, 536)
(536, 535)
(536, 537)
(537, 536)
(537, 538)
(538, 537)
(538, 539)
(539, 538)
(539, 540)
(540, 539)
(541, 542)
(542, 541)
(542, 543)
(543, 542)
(543, 544)
(544, 543)
(544, 545)
(545, 544)
(545, 546)
(546, 545)
(546, 547)
(547, 546)
(547, 548)
(548, 547)
(548, 549)
(549, 548)
(549, 550)
(550, 549)
(550, 551)
(551, 550)
(551, 552)
(552, 551)
(552, 553)
(553, 552)
(553, 554)
(554, 553)
(554, 555)
(555, 554)
(555, 556)
(556, 555)
(556, 557)
(557, 556)
(557, 558)
(558, 557)
(558, 559)
(559, 558)
(559, 560)
(560, 559)
(560, 561)
(561, 560)
(561, 562)
(562, 561)
(562, 563)
(563, 562)
(563, 564)
(564, 563)
(564, 565)
(565, 564)
(565, 566)
(566, 565)
(566, 567)
(567, 566)
(567, 568)
(568, 567)
(568, 569)
(569, 568)
(569, 570)
(570, 569)
(571, 572)
(572, 571)
(572, 573)
(573, 572)
(573, 574)
(574, 573)
(574, 575)
(575, 574)
(575, 576)
(576, 575)
(576, 577)
(577, 576)
(577, 578)
(578, 577)
(578, 579)
(579, 578)
(579, 580)
(580, 579)
(580, 581)
(581, 580)
(581, 582)
(582, 581)
(582, 583)
(583, 582)
(583, 584)
(584, 583)
(584, 585)
(585, 584)
(585, 586)
(586, 585)
(586, 587)
(587, 586)
(587, 588)
(588, 587)
(588, 589)
(589, 588)
(589, 590)
(590, 589)
(590, 591)
(591, 590)
(591, 592)
(592, 591)
(592, 593)
(593, 592)
(593, 594)
(594, 593)
(594, 595)
(595, 594)
(595, 596)
(596, 595)
(596, 597)
(597, 596)
(597, 598)
(598, 597)
(598, 599)
(599, 598)
(599, 600)
(600, 599)
(601, 602)
(602, 601)
(602, 603)
(603, 602)
(603, 604)
(604, 603)
(604, 605)
(605, 604)
(605, 606)
(606, 605)
(606, 607)
(607, 606)
(607, 608)
(608, 607)
(608, 609)
(609, 608)
(609, 610)
(610, 609)
(610, 611)
(611, 610)
(611, 612)
(612, 611)
(612, 613)
(613, 612)
(613, 614)
(614, 613)
(614, 615)
(615, 614)
(615, 616)
(616, 615)
(616, 617)
(617, 616)
(617, 618)
(618, 617)
(618, 619)
(619, 618)
(619, 620)
(620, 619)
(620, 621)
(621, 620)
(621, 622)
(622, 621)
(622, 623)
(623, 622)
(623, 624)
(624, 623)
(624, 625)
(625, 624)
(625, 626)
(626, 625)
(626, 627)
(627, 626)
(627, 628)
(628, 627)
(628, 629)
(629, 628)
(629, 630)
(630, 629)
(631, 632)
(632, 631)
(632, 633)
(633, 632)
(633, 634)
(634, 633)
(634, 635)
(635, 634)
(635, 636)
(636, 635)
(636, 637)
(637, 636)
(637, 638)
(638, 637)
(638, 639)
(639, 638)
(639, 640)
(640, 639)
(640, 641)
(641, 640)
(641, 642)
(642, 641)
(642, 643)
(643, 642)
(643, 644)
(644, 643)
(644, 645)
(645, 644)
(645, 646)
(646, 645)
(646, 647)
(647, 646)
(647, 648)
(648, 647)
(648, 649)
(649, 648)
(649, 650)
(650, 649)
(650, 651)
(651, 650)
(651, 652)
(652, 651)
(652, 653)
(653, 652)
(653, 654)
(654, 653)
(654, 655)
(655, 654)
(655, 656)
(656, 655)
(656, 657)
(657, 656)
(657, 658)
(658, 657)
(658, 659)
(659, 658)
(659, 660)
(660, 659)
(661, 662)
(662, 661)
(662, 663)
(663, 662)
(663, 664)
(664, 663)
(664, 665)
(665, 664)
(665, 666)
(666, 665)
(666, 667)
(667, 666)
(667, 668)
(668, 667)
(668, 669)
(669, 668)
(669, 670)
(670, 669)
(670, 671)
(671, 670)
(671, 672)
(672, 671)
(672, 673)
(673, 672)
(673, 674)
(674, 673)
(674, 675)
(675, 674)
(675, 676)
(676, 675)
(676, 677)
(677, 676)
(677, 678)
(678, 677)
(678, 679)
(679, 678)
(679, 680)
(680, 679)
(680, 681)
(681, 680)
(681, 682)
(682, 681)
(682, 683)
(683, 682)
(683, 684)
(684, 683)
(684, 685)
(685, 684)
(685, 686)
(686, 685)
(686, 687)
(687, 686)
(687, 688)
(688, 687)
(688, 689)
(689, 688)
(689, 690)
(690, 689)
(691, 692)
(692, 691)
(692, 693)
(693, 692)
(693, 694)
(694, 693)
(694, 695)
(695, 694)
(695, 696)
(696, 695)
(696, 697)
(697, 696)
(697, 698)
(698, 697)
(698, 699)
(699, 698)
(699, 700)
(700, 699)
(700, 701)
(701, 700)
(701, 702)
(702, 701)
(702, 703)
(703, 702)
(703, 704)
(704, 703)
(704, 705)
(705, 704)
(705, 706)
(706, 705)
(706, 707)
(707, 706)
(707, 708)
(708, 707)
(708, 709)
(709, 708)
(709, 710)
(710, 709)
(710, 711)
(711, 710)
(711, 712)
(712, 711)
(712, 713)
(713, 712)
(713, 714)
(714, 713)
(714, 715)
(715, 714)
(715, 716)
(716, 715)
(716, 717)
(717, 716)
(717, 718)
(718, 717)
(718, 719)
(719, 718)
(719, 720)
(720, 719)
(721, 722)
(722, 721)
(722, 723)
(723, 722)
(723, 724)
(724, 723)
(724, 725)
(725, 724)
(725, 726)
(726, 725)
(726, 727)
(727, 726)
(727, 728)
(728, 727)
(728, 729)
(729, 728)
(729, 730)
(730, 729)
(730, 731)
(731, 730)
(731, 732)
(732, 731)
(732, 733)
(733, 732)
(733, 734)
(734, 733)
(734, 735)
(735, 734)
(735, 736)
(736, 735)
(736, 737)
(737, 736)
(737, 738)
(738, 737)
(738, 739)
(739, 738)
(739, 740)
(740, 739)
(740, 741)
(741, 740)
(741, 742)
(742, 741)
(742, 743)
(743, 742)
(743, 744)
(744, 743)
(744, 745)
(745, 744)
(745, 746)
(746, 745)
(746, 747)
(747, 746)
(747, 748)
(748, 747)
(748, 749)
(749, 748)
(749, 750)
(750, 749)
(751, 752)
(752, 751)
(752, 753)
(753, 752)
(753, 754)
(754, 753)
(754, 755)
(755, 754)
(755, 756)
(756, 755)
(756, 757)
(757, 756)
(757, 758)
(758, 757)
(758, 759)
(759, 758)
(759, 760)
(760, 759)
(760, 761)
(761, 760)
(761, 762)
(762, 761)
(762, 763)
(763, 762)
(763, 764)
(764, 763)
(764, 765)
(765, 764)
(765, 766)
(766, 765)
(766, 767)
(767, 766)
(767, 768)
(768, 767)
(768, 769)
(769, 768)
(769, 770)
(770, 769)
(770, 771)
(771, 770)
(771, 772)
(772, 771)
(772, 773)
(773, 772)
(773, 774)
(774, 773)
(774, 775)
(775, 774)
(775, 776)
(776, 775)
(776, 777)
(777, 776)
(777, 778)
(778, 777)
(778, 779)
(779, 778)
(779, 780)
(780, 779)
(781, 782)
(782, 781)
(782, 783)
(783, 782)
(783, 784)
(784, 783)
(784, 785)
(785, 784)
(785, 786)
(786, 785)
(786, 787)
(787, 786)
(787, 788)
(788, 787)
(788, 789)
(789, 788)
(789, 790)
(790, 789)
(790, 791)
(791, 790)
(791, 792)
(792, 791)
(792, 793)
(793, 792)
(793, 794)
(794, 793)
(794, 795)
(795, 794)
(795, 796)
(796, 795)
(796, 797)
(797, 796)
(797, 798)
(798, 797)
(798, 799)
(799, 798)
(799, 800)
(800, 799)
(800, 801)
(801, 800)
(801, 802)
(802, 801)
(802, 803)
(803, 802)
(803, 804)
(804, 803)
(804, 805)
(805, 804)
(805, 806)
(806, 805)
(806, 807)
(807, 806)
(807, 808)
(808, 807)
(808, 809)
(809, 808)
(809, 810)
(810, 809)
(811, 812)
(812, 811)
(812, 813)
(813, 812)
(813, 814)
(814, 813)
(814, 815)
(815, 814)
(815, 816)
(816, 815)
(816, 817)
(817, 816)
(817, 818)
(818, 817)
(818, 819)
(819, 818)
(819, 820)
(820, 819)
(820, 821)
(821, 820)
(821, 822)
(822, 821)
(822, 823)
(823, 822)
(823, 824)
(824, 823)
(824, 825)
(825, 824)
(825, 826)
(826, 825)
(826, 827)
(827, 826)
(827, 828)
(828, 827)
(828, 829)
(829, 828)
(829, 830)
(830, 829)
(830, 831)
(831, 830)
(831, 832)
(832, 831)
(832, 833)
(833, 832)
(833, 834)
(834, 833)
(834, 835)
(835, 834)
(835, 836)
(836, 835)
(836, 837)
(837, 836)
(837, 838)
(838, 837)
(838, 839)
(839, 838)
(839, 840)
(840, 839)
(841, 842)
(842, 841)
(842, 843)
(843, 842)
(843, 844)
(844, 843)
(844, 845)
(845, 844)
(845, 846)
(846, 845)
(846, 847)
(847, 846)
(847, 848)
(848, 847)
(848, 849)
(849, 848)
(849, 850)
(850, 849)
(850, 851)
(851, 850)
(851, 852)
(852, 851)
(852, 853)
(853, 852)
(853, 854)
(854, 853)
(854, 855)
(855, 854)
(855, 856)
(856, 855)
(856, 857)
(857, 856)
(857, 858)
(858, 857)
(858, 859)
(859, 858)
(859, 860)
(860, 859)
(860, 861)
(861, 860)
(861, 862)
(862, 861)
(862, 863)
(863, 862)
(863, 864)
(864, 863)
(864, 865)
(865, 864)
(865, 866)
(866, 865)
(866, 867)
(867, 866)
(867, 868)
(868, 867)
(868, 869)
(869, 868)
(869, 870)
(870, 869)
(871, 872)
(872, 871)
(872, 873)
(873, 872)
(873, 874)
(874, 873)
(874, 875)
(875, 874)
(875, 876)
(876, 875)
(876, 877)
(877, 876)
(877, 878)
(878, 877)
(878, 879)
(879, 878)
(879, 880)
(880, 879)
(880, 881)
(881, 880)
(881, 882)
(882, 881)
(882, 883)
(883, 882)
(883, 884)
(884, 883)
(884, 885)
(885, 884)
(885, 886)
(886, 885)
(886, 887)
(887, 886)
(887, 888)
(888, 887)
(888, 889)
(889, 888)
(889, 890)
(890, 889)
(890, 891)
(891, 890)
(891, 892)
(892, 891)
(892, 893)
(893, 892)
(893, 894)
(894, 893)
(894, 895)
(895, 894)
(895, 896)
(896, 895)
(896, 897)
(897, 896)
(897, 898)
(898, 897)
(898, 899)
(899, 898)
(899, 900)
(900, 899)
(1, 31)
(31, 1)
(2, 32)
(32, 2)
(3, 33)
(33, 3)
(4, 34)
(34, 4)
(5, 35)
(35, 5)
(6, 36)
(36, 6)
(7, 37)
(37, 7)
(8, 38)
(38, 8)
(9, 39)
(39, 9)
(10, 40)
(40, 10)
(11, 41)
(41, 11)
(12, 42)
(42, 12)
(13, 43)
(43, 13)
(14, 44)
(44, 14)
(15, 45)
(45, 15)
(16, 46)
(46, 16)
(17, 47)
(47, 17)
(18, 48)
(48, 18)
(19, 49)
(49, 19)
(20, 50)
(50, 20)
(21, 51)
(51, 21)
(22, 52)
(52, 22)
(23, 53)
(53, 23)
(24, 54)
(54, 24)
(25, 55)
(55, 25)
(26, 56)
(56, 26)
(27, 57)
(57, 27)
(28, 58)
(58, 28)
(29, 59)
(59, 29)
(30, 60)
(60, 30)
(31, 61)
(61, 31)
(32, 62)
(62, 32)
(33, 63)
(63, 33)
(34, 64)
(64, 34)
(35, 65)
(65, 35)
(36, 66)
(66, 36)
(37, 67)
(67, 37)
(38, 68)
(68, 38)
(39, 69)
(69, 39)
(40, 70)
(70, 40)
(41, 71)
(71, 41)
(42, 72)
(72, 42)
(43, 73)
(73, 43)
(44, 74)
(74, 44)
(45, 75)
(75, 45)
(46, 76)
(76, 46)
(47, 77)
(77, 47)
(48, 78)
(78, 48)
(49, 79)
(79, 49)
(50, 80)
(80, 50)
(51, 81)
(81, 51)
(52, 82)
(82, 52)
(53, 83)
(83, 53)
(54, 84)
(84, 54)
(55, 85)
(85, 55)
(56, 86)
(86, 56)
(57, 87)
(87, 57)
(58, 88)
(88, 58)
(59, 89)
(89, 59)
(60, 90)
(90, 60)
(61, 91)
(91, 61)
(62, 92)
(92, 62)
(63, 93)
(93, 63)
(64, 94)
(94, 64)
(65, 95)
(95, 65)
(66, 96)
(96, 66)
(67, 97)
(97, 67)
(68, 98)
(98, 68)
(69, 99)
(99, 69)
(70, 100)
(100, 70)
(71, 101)
(101, 71)
(72, 102)
(102, 72)
(73, 103)
(103, 73)
(74, 104)
(104, 74)
(75, 105)
(105, 75)
(76, 106)
(106, 76)
(77, 107)
(107, 77)
(78, 108)
(108, 78)
(79, 109)
(109, 79)
(80, 110)
(110, 80)
(81, 111)
(111, 81)
(82, 112)
(112, 82)
(83, 113)
(113, 83)
(84, 114)
(114, 84)
(85, 115)
(115, 85)
(86, 116)
(116, 86)
(87, 117)
(117, 87)
(88, 118)
(118, 88)
(89, 119)
(119, 89)
(90, 120)
(120, 90)
(91, 121)
(121, 91)
(92, 122)
(122, 92)
(93, 123)
(123, 93)
(94, 124)
(124, 94)
(95, 125)
(125, 95)
(96, 126)
(126, 96)
(97, 127)
(127, 97)
(98, 128)
(128, 98)
(99, 129)
(129, 99)
(100, 130)
(130, 100)
(101, 131)
(131, 101)
(102, 132)
(132, 102)
(103, 133)
(133, 103)
(104, 134)
(134, 104)
(105, 135)
(135, 105)
(106, 136)
(136, 106)
(107, 137)
(137, 107)
(108, 138)
(138, 108)
(109, 139)
(139, 109)
(110, 140)
(140, 110)
(111, 141)
(141, 111)
(112, 142)
(142, 112)
(113, 143)
(143, 113)
(114, 144)
(144, 114)
(115, 145)
(145, 115)
(116, 146)
(146, 116)
(117, 147)
(147, 117)
(118, 148)
(148, 118)
(119, 149)
(149, 119)
(120, 150)
(150, 120)
(121, 151)
(151, 121)
(122, 152)
(152, 122)
(123, 153)
(153, 123)
(124, 154)
(154, 124)
(125, 155)
(155, 125)
(126, 156)
(156, 126)
(127, 157)
(157, 127)
(128, 158)
(158, 128)
(129, 159)
(159, 129)
(130, 160)
(160, 130)
(131, 161)
(161, 131)
(132, 162)
(162, 132)
(133, 163)
(163, 133)
(134, 164)
(164, 134)
(135, 165)
(165, 135)
(136, 166)
(166, 136)
(137, 167)
(167, 137)
(138, 168)
(168, 138)
(139, 169)
(169, 139)
(140, 170)
(170, 140)
(141, 171)
(171, 141)
(142, 172)
(172, 142)
(143, 173)
(173, 143)
(144, 174)
(174, 144)
(145, 175)
(175, 145)
(146, 176)
(176, 146)
(147, 177)
(177, 147)
(148, 178)
(178, 148)
(149, 179)
(179, 149)
(150, 180)
(180, 150)
(151, 181)
(181, 151)
(152, 182)
(182, 152)
(153, 183)
(183, 153)
(154, 184)
(184, 154)
(155, 185)
(185, 155)
(156, 186)
(186, 156)
(157, 187)
(187, 157)
(158, 188)
(188, 158)
(159, 189)
(189, 159)
(160, 190)
(190, 160)
(161, 191)
(191, 161)
(162, 192)
(192, 162)
(163, 193)
(193, 163)
(164, 194)
(194, 164)
(165, 195)
(195, 165)
(166, 196)
(196, 166)
(167, 197)
(197, 167)
(168, 198)
(198, 168)
(169, 199)
(199, 169)
(170, 200)
(200, 170)
(171, 201)
(201, 171)
(172, 202)
(202, 172)
(173, 203)
(203, 173)
(174, 204)
(204, 174)
(175, 205)
(205, 175)
(176, 206)
(206, 176)
(177, 207)
(207, 177)
(178, 208)
(208, 178)
(179, 209)
(209, 179)
(180, 210)
(210, 180)
(181, 211)
(211, 181)
(182, 212)
(212, 182)
(183, 213)
(213, 183)
(184, 214)
(214, 184)
(185, 215)
(215, 185)
(186, 216)
(216, 186)
(187, 217)
(217, 187)
(188, 218)
(218, 188)
(189, 219)
(219, 189)
(190, 220)
(220, 190)
(191, 221)
(221, 191)
(192, 222)
(222, 192)
(193, 223)
(223, 193)
(194, 224)
(224, 194)
(195, 225)
(225, 195)
(196, 226)
(226, 196)
(197, 227)
(227, 197)
(198, 228)
(228, 198)
(199, 229)
(229, 199)
(200, 230)
(230, 200)
(201, 231)
(231, 201)
(202, 232)
(232, 202)
(203, 233)
(233, 203)
(204, 234)
(234, 204)
(205, 235)
(235, 205)
(206, 236)
(236, 206)
(207, 237)
(237, 207)
(208, 238)
(238, 208)
(209, 239)
(239, 209)
(210, 240)
(240, 210)
(211, 241)
(241, 211)
(212, 242)
(242, 212)
(213, 243)
(243, 213)
(214, 244)
(244, 214)
(215, 245)
(245, 215)
(216, 246)
(246, 216)
(217, 247)
(247, 217)
(218, 248)
(248, 218)
(219, 249)
(249, 219)
(220, 250)
(250, 220)
(221, 251)
(251, 221)
(222, 252)
(252, 222)
(223, 253)
(253, 223)
(224, 254)
(254, 224)
(225, 255)
(255, 225)
(226, 256)
(256, 226)
(227, 257)
(257, 227)
(228, 258)
(258, 228)
(229, 259)
(259, 229)
(230, 260)
(260, 230)
(231, 261)
(261, 231)
(232, 262)
(262, 232)
(233, 263)
(263, 233)
(234, 264)
(264, 234)
(235, 265)
(265, 235)
(236, 266)
(266, 236)
(237, 267)
(267, 237)
(238, 268)
(268, 238)
(239, 269)
(269, 239)
(240, 270)
(270, 240)
(241, 271)
(271, 241)
(242, 272)
(272, 242)
(243, 273)
(273, 243)
(244, 274)
(274, 244)
(245, 275)
(275, 245)
(246, 276)
(276, 246)
(247, 277)
(277, 247)
(248, 278)
(278, 248)
(249, 279)
(279, 249)
(250, 280)
(280, 250)
(251, 281)
(281, 251)
(252, 282)
(282, 252)
(253, 283)
(283, 253)
(254, 284)
(284, 254)
(255, 285)
(285, 255)
(256, 286)
(286, 256)
(257, 287)
(287, 257)
(258, 288)
(288, 258)
(259, 289)
(289, 259)
(260, 290)
(290, 260)
(261, 291)
(291, 261)
(262, 292)
(292, 262)
(263, 293)
(293, 263)
(264, 294)
(294, 264)
(265, 295)
(295, 265)
(266, 296)
(296, 266)
(267, 297)
(297, 267)
(268, 298)
(298, 268)
(269, 299)
(299, 269)
(270, 300)
(300, 270)
(271, 301)
(301, 271)
(272, 302)
(302, 272)
(273, 303)
(303, 273)
(274, 304)
(304, 274)
(275, 305)
(305, 275)
(276, 306)
(306, 276)
(277, 307)
(307, 277)
(278, 308)
(308, 278)
(279, 309)
(309, 279)
(280, 310)
(310, 280)
(281, 311)
(311, 281)
(282, 312)
(312, 282)
(283, 313)
(313, 283)
(284, 314)
(314, 284)
(285, 315)
(315, 285)
(286, 316)
(316, 286)
(287, 317)
(317, 287)
(288, 318)
(318, 288)
(289, 319)
(319, 289)
(290, 320)
(320, 290)
(291, 321)
(321, 291)
(292, 322)
(322, 292)
(293, 323)
(323, 293)
(294, 324)
(324, 294)
(295, 325)
(325, 295)
(296, 326)
(326, 296)
(297, 327)
(327, 297)
(298, 328)
(328, 298)
(299, 329)
(329, 299)
(300, 330)
(330, 300)
(301, 331)
(331, 301)
(302, 332)
(332, 302)
(303, 333)
(333, 303)
(304, 334)
(334, 304)
(305, 335)
(335, 305)
(306, 336)
(336, 306)
(307, 337)
(337, 307)
(308, 338)
(338, 308)
(309, 339)
(339, 309)
(310, 340)
(340, 310)
(311, 341)
(341, 311)
(312, 342)
(342, 312)
(313, 343)
(343, 313)
(314, 344)
(344, 314)
(315, 345)
(345, 315)
(316, 346)
(346, 316)
(317, 347)
(347, 317)
(318, 348)
(348, 318)
(319, 349)
(349, 319)
(320, 350)
(350, 320)
(321, 351)
(351, 321)
(322, 352)
(352, 322)
(323, 353)
(353, 323)
(324, 354)
(354, 324)
(325, 355)
(355, 325)
(326, 356)
(356, 326)
(327, 357)
(357, 327)
(328, 358)
(358, 328)
(329, 359)
(359, 329)
(330, 360)
(360, 330)
(331, 361)
(361, 331)
(332, 362)
(362, 332)
(333, 363)
(363, 333)
(334, 364)
(364, 334)
(335, 365)
(365, 335)
(336, 366)
(366, 336)
(337, 367)
(367, 337)
(338, 368)
(368, 338)
(339, 369)
(369, 339)
(340, 370)
(370, 340)
(341, 371)
(371, 341)
(342, 372)
(372, 342)
(343, 373)
(373, 343)
(344, 374)
(374, 344)
(345, 375)
(375, 345)
(346, 376)
(376, 346)
(347, 377)
(377, 347)
(348, 378)
(378, 348)
(349, 379)
(379, 349)
(350, 380)
(380, 350)
(351, 381)
(381, 351)
(352, 382)
(382, 352)
(353, 383)
(383, 353)
(354, 384)
(384, 354)
(355, 385)
(385, 355)
(356, 386)
(386, 356)
(357, 387)
(387, 357)
(358, 388)
(388, 358)
(359, 389)
(389, 359)
(360, 390)
(390, 360)
(361, 391)
(391, 361)
(362, 392)
(392, 362)
(363, 393)
(393, 363)
(364, 394)
(394, 364)
(365, 395)
(395, 365)
(366, 396)
(396, 366)
(367, 397)
(397, 367)
(368, 398)
(398, 368)
(369, 399)
(399, 369)
(370, 400)
(400, 370)
(371, 401)
(401, 371)
(372, 402)
(402, 372)
(373, 403)
(403, 373)
(374, 404)
(404, 374)
(375, 405)
(405, 375)
(376, 406)
(406, 376)
(377, 407)
(407, 377)
(378, 408)
(408, 378)
(379, 409)
(409, 379)
(380, 410)
(410, 380)
(381, 411)
(411, 381)
(382, 412)
(412, 382)
(383, 413)
(413, 383)
(384, 414)
(414, 384)
(385, 415)
(415, 385)
(386, 416)
(416, 386)
(387, 417)
(417, 387)
(388, 418)
(418, 388)
(389, 419)
(419, 389)
(390, 420)
(420, 390)
(391, 421)
(421, 391)
(392, 422)
(422, 392)
(393, 423)
(423, 393)
(394, 424)
(424, 394)
(395, 425)
(425, 395)
(396, 426)
(426, 396)
(397, 427)
(427, 397)
(398, 428)
(428, 398)
(399, 429)
(429, 399)
(400, 430)
(430, 400)
(401, 431)
(431, 401)
(402, 432)
(432, 402)
(403, 433)
(433, 403)
(404, 434)
(434, 404)
(405, 435)
(435, 405)
(406, 436)
(436, 406)
(407, 437)
(437, 407)
(408, 438)
(438, 408)
(409, 439)
(439, 409)
(410, 440)
(440, 410)
(411, 441)
(441, 411)
(412, 442)
(442, 412)
(413, 443)
(443, 413)
(414, 444)
(444, 414)
(415, 445)
(445, 415)
(416, 446)
(446, 416)
(417, 447)
(447, 417)
(418, 448)
(448, 418)
(419, 449)
(449, 419)
(420, 450)
(450, 420)
(421, 451)
(451, 421)
(422, 452)
(452, 422)
(423, 453)
(453, 423)
(424, 454)
(454, 424)
(425, 455)
(455, 425)
(426, 456)
(456, 426)
(427, 457)
(457, 427)
(428, 458)
(458, 428)
(429, 459)
(459, 429)
(430, 460)
(460, 430)
(431, 461)
(461, 431)
(432, 462)
(462, 432)
(433, 463)
(463, 433)
(434, 464)
(464, 434)
(435, 465)
(465, 435)
(436, 466)
(466, 436)
(437, 467)
(467, 437)
(438, 468)
(468, 438)
(439, 469)
(469, 439)
(440, 470)
(470, 440)
(441, 471)
(471, 441)
(442, 472)
(472, 442)
(443, 473)
(473, 443)
(444, 474)
(474, 444)
(445, 475)
(475, 445)
(446, 476)
(476, 446)
(447, 477)
(477, 447)
(448, 478)
(478, 448)
(449, 479)
(479, 449)
(450, 480)
(480, 450)
(451, 481)
(481, 451)
(452, 482)
(482, 452)
(453, 483)
(483, 453)
(454, 484)
(484, 454)
(455, 485)
(485, 455)
(456, 486)
(486, 456)
(457, 487)
(487, 457)
(458, 488)
(488, 458)
(459, 489)
(489, 459)
(460, 490)
(490, 460)
(461, 491)
(491, 461)
(462, 492)
(492, 462)
(463, 493)
(493, 463)
(464, 494)
(494, 464)
(465, 495)
(495, 465)
(466, 496)
(496, 466)
(467, 497)
(497, 467)
(468, 498)
(498, 468)
(469, 499)
(499, 469)
(470, 500)
(500, 470)
(471, 501)
(501, 471)
(472, 502)
(502, 472)
(473, 503)
(503, 473)
(474, 504)
(504, 474)
(475, 505)
(505, 475)
(476, 506)
(506, 476)
(477, 507)
(507, 477)
(478, 508)
(508, 478)
(479, 509)
(509, 479)
(480, 510)
(510, 480)
(481, 511)
(511, 481)
(482, 512)
(512, 482)
(483, 513)
(513, 483)
(484, 514)
(514, 484)
(485, 515)
(515, 485)
(486, 516)
(516, 486)
(487, 517)
(517, 487)
(488, 518)
(518, 488)
(489, 519)
(519, 489)
(490, 520)
(520, 490)
(491, 521)
(521, 491)
(492, 522)
(522, 492)
(493, 523)
(523, 493)
(494, 524)
(524, 494)
(495, 525)
(525, 495)
(496, 526)
(526, 496)
(497, 527)
(527, 497)
(498, 528)
(528, 498)
(499, 529)
(529, 499)
(500, 530)
(530, 500)
(501, 531)
(531, 501)
(502, 532)
(532, 502)
(503, 533)
(533, 503)
(504, 534)
(534, 504)
(505, 535)
(535, 505)
(506, 536)
(536, 506)
(507, 537)
(537, 507)
(508, 538)
(538, 508)
(509, 539)
(539, 509)
(510, 540)
(540, 510)
(511, 541)
(541, 511)
(512, 542)
(542, 512)
(513, 543)
(543, 513)
(514, 544)
(544, 514)
(515, 545)
(545, 515)
(516, 546)
(546, 516)
(517, 547)
(547, 517)
(518, 548)
(548, 518)
(519, 549)
(549, 519)
(520, 550)
(550, 520)
(521, 551)
(551, 521)
(522, 552)
(552, 522)
(523, 553)
(553, 523)
(524, 554)
(554, 524)
(525, 555)
(555, 525)
(526, 556)
(556, 526)
(527, 557)
(557, 527)
(528, 558)
(558, 528)
(529, 559)
(559, 529)
(530, 560)
(560, 530)
(531, 561)
(561, 531)
(532, 562)
(562, 532)
(533, 563)
(563, 533)
(534, 564)
(564, 534)
(535, 565)
(565, 535)
(536, 566)
(566, 536)
(537, 567)
(567, 537)
(538, 568)
(568, 538)
(539, 569)
(569, 539)
(540, 570)
(570, 540)
(541, 571)
(571, 541)
(542, 572)
(572, 542)
(543, 573)
(573, 543)
(544, 574)
(574, 544)
(545, 575)
(575, 545)
(546, 576)
(576, 546)
(547, 577)
(577, 547)
(548, 578)
(578, 548)
(549, 579)
(579, 549)
(550, 580)
(580, 550)
(551, 581)
(581, 551)
(552, 582)
(582, 552)
(553, 583)
(583, 553)
(554, 584)
(584, 554)
(555, 585)
(585, 555)
(556, 586)
(586, 556)
(557, 587)
(587, 557)
(558, 588)
(588, 558)
(559, 589)
(589, 559)
(560, 590)
(590, 560)
(561, 591)
(591, 561)
(562, 592)
(592, 562)
(563, 593)
(593, 563)
(564, 594)
(594, 564)
(565, 595)
(595, 565)
(566, 596)
(596, 566)
(567, 597)
(597, 567)
(568, 598)
(598, 568)
(569, 599)
(599, 569)
(570, 600)
(600, 570)
(571, 601)
(601, 571)
(572, 602)
(602, 572)
(573, 603)
(603, 573)
(574, 604)
(604, 574)
(575, 605)
(605, 575)
(576, 606)
(606, 576)
(577, 607)
(607, 577)
(578, 608)
(608, 578)
(579, 609)
(609, 579)
(580, 610)
(610, 580)
(581, 611)
(611, 581)
(582, 612)
(612, 582)
(583, 613)
(613, 583)
(584, 614)
(614, 584)
(585, 615)
(615, 585)
(586, 616)
(616, 586)
(587, 617)
(617, 587)
(588, 618)
(618, 588)
(589, 619)
(619, 589)
(590, 620)
(620, 590)
(591, 621)
(621, 591)
(592, 622)
(622, 592)
(593, 623)
(623, 593)
(594, 624)
(624, 594)
(595, 625)
(625, 595)
(596, 626)
(626, 596)
(597, 627)
(627, 597)
(598, 628)
(628, 598)
(599, 629)
(629, 599)
(600, 630)
(630, 600)
(601, 631)
(631, 601)
(602, 632)
(632, 602)
(603, 633)
(633, 603)
(604, 634)
(634, 604)
(605, 635)
(635, 605)
(606, 636)
(636, 606)
(607, 637)
(637, 607)
(608, 638)
(638, 608)
(609, 639)
(639, 609)
(610, 640)
(640, 610)
(611, 641)
(641, 611)
(612, 642)
(642, 612)
(613, 643)
(643, 613)
(614, 644)
(644, 614)
(615, 645)
(645, 615)
(616, 646)
(646, 616)
(617, 647)
(647, 617)
(618, 648)
(648, 618)
(619, 649)
(649, 619)
(620, 650)
(650, 620)
(621, 651)
(651, 621)
(622, 652)
(652, 622)
(623, 653)
(653, 623)
(624, 654)
(654, 624)
(625, 655)
(655, 625)
(626, 656)
(656, 626)
(627, 657)
(657, 627)
(628, 658)
(658, 628)
(629, 659)
(659, 629)
(630, 660)
(660, 630)
(631, 661)
(661, 631)
(632, 662)
(662, 632)
(633, 663)
(663, 633)
(634, 664)
(664, 634)
(635, 665)
(665, 635)
(636, 666)
(666, 636)
(637, 667)
(667, 637)
(638, 668)
(668, 638)
(639, 669)
(669, 639)
(640, 670)
(670, 640)
(641, 671)
(671, 641)
(642, 672)
(672, 642)
(643, 673)
(673, 643)
(644, 674)
(674, 644)
(645, 675)
(675, 645)
(646, 676)
(676, 646)
(647, 677)
(677, 647)
(648, 678)
(678, 648)
(649, 679)
(679, 649)
(650, 680)
(680, 650)
(651, 681)
(681, 651)
(652, 682)
(682, 652)
(653, 683)
(683, 653)
(654, 684)
(684, 654)
(655, 685)
(685, 655)
(656, 686)
(686, 656)
(657, 687)
(687, 657)
(658, 688)
(688, 658)
(659, 689)
(689, 659)
(660, 690)
(690, 660)
(661, 691)
(691, 661)
(662, 692)
(692, 662)
(663, 693)
(693, 663)
(664, 694)
(694, 664)
(665, 695)
(695, 665)
(666, 696)
(696, 666)
(667, 697)
(697, 667)
(668, 698)
(698, 668)
(669, 699)
(699, 669)
(670, 700)
(700, 670)
(671, 701)
(701, 671)
(672, 702)
(702, 672)
(673, 703)
(703, 673)
(674, 704)
(704, 674)
(675, 705)
(705, 675)
(676, 706)
(706, 676)
(677, 707)
(707, 677)
(678, 708)
(708, 678)
(679, 709)
(709, 679)
(680, 710)
(710, 680)
(681, 711)
(711, 681)
(682, 712)
(712, 682)
(683, 713)
(713, 683)
(684, 714)
(714, 684)
(685, 715)
(715, 685)
(686, 716)
(716, 686)
(687, 717)
(717, 687)
(688, 718)
(718, 688)
(689, 719)
(719, 689)
(690, 720)
(720, 690)
(691, 721)
(721, 691)
(692, 722)
(722, 692)
(693, 723)
(723, 693)
(694, 724)
(724, 694)
(695, 725)
(725, 695)
(696, 726)
(726, 696)
(697, 727)
(727, 697)
(698, 728)
(728, 698)
(699, 729)
(729, 699)
(700, 730)
(730, 700)
(701, 731)
(731, 701)
(702, 732)
(732, 702)
(703, 733)
(733, 703)
(704, 734)
(734, 704)
(705, 735)
(735, 705)
(706, 736)
(736, 706)
(707, 737)
(737, 707)
(708, 738)
(738, 708)
(709, 739)
(739, 709)
(710, 740)
(740, 710)
(711, 741)
(741, 711)
(712, 742)
(742, 712)
(713, 743)
(743, 713)
(714, 744)
(744, 714)
(715, 745)
(745, 715)
(716, 746)
(746, 716)
(717, 747)
(747, 717)
(718, 748)
(748, 718)
(719, 749)
(749, 719)
(720, 750)
(750, 720)
(721, 751)
(751, 721)
(722, 752)
(752, 722)
(723, 753)
(753, 723)
(724, 754)
(754, 724)
(725, 755)
(755, 725)
(726, 756)
(756, 726)
(727, 757)
(757, 727)
(728, 758)
(758, 728)
(729, 759)
(759, 729)
(730, 760)
(760, 730)
(731, 761)
(761, 731)
(732, 762)
(762, 732)
(733, 763)
(763, 733)
(734, 764)
(764, 734)
(735, 765)
(765, 735)
(736, 766)
(766, 736)
(737, 767)
(767, 737)
(738, 768)
(768, 738)
(739, 769)
(769, 739)
(740, 770)
(770, 740)
(741, 771)
(771, 741)
(742, 772)
(772, 742)
(743, 773)
(773, 743)
(744, 774)
(774, 744)
(745, 775)
(775, 745)
(746, 776)
(776, 746)
(747, 777)
(777, 747)
(748, 778)
(778, 748)
(749, 779)
(779, 749)
(750, 780)
(780, 750)
(751, 781)
(781, 751)
(752, 782)
(782, 752)
(753, 783)
(783, 753)
(754, 784)
(784, 754)
(755, 785)
(785, 755)
(756, 786)
(786, 756)
(757, 787)
(787, 757)
(758, 788)
(788, 758)
(759, 789)
(789, 759)
(760, 790)
(790, 760)
(761, 791)
(791, 761)
(762, 792)
(792, 762)
(763, 793)
(793, 763)
(764, 794)
(794, 764)
(765, 795)
(795, 765)
(766, 796)
(796, 766)
(767, 797)
(797, 767)
(768, 798)
(798, 768)
(769, 799)
(799, 769)
(770, 800)
(800, 770)
(771, 801)
(801, 771)
(772, 802)
(802, 772)
(773, 803)
(803, 773)
(774, 804)
(804, 774)
(775, 805)
(805, 775)
(776, 806)
(806, 776)
(777, 807)
(807, 777)
(778, 808)
(808, 778)
(779, 809)
(809, 779)
(780, 810)
(810, 780)
(781, 811)
(811, 781)
(782, 812)
(812, 782)
(783, 813)
(813, 783)
(784, 814)
(814, 784)
(785, 815)
(815, 785)
(786, 816)
(816, 786)
(787, 817)
(817, 787)
(788, 818)
(818, 788)
(789, 819)
(819, 789)
(790, 820)
(820, 790)
(791, 821)
(821, 791)
(792, 822)
(822, 792)
(793, 823)
(823, 793)
(794, 824)
(824, 794)
(795, 825)
(825, 795)
(796, 826)
(826, 796)
(797, 827)
(827, 797)
(798, 828)
(828, 798)
(799, 829)
(829, 799)
(800, 830)
(830, 800)
(801, 831)
(831, 801)
(802, 832)
(832, 802)
(803, 833)
(833, 803)
(804, 834)
(834, 804)
(805, 835)
(835, 805)
(806, 836)
(836, 806)
(807, 837)
(837, 807)
(808, 838)
(838, 808)
(809, 839)
(839, 809)
(810, 840)
(840, 810)
(811, 841)
(841, 811)
(812, 842)
(842, 812)
(813, 843)
(843, 813)
(814, 844)
(844, 814)
(815, 845)
(845, 815)
(816, 846)
(846, 816)
(817, 847)
(847, 817)
(818, 848)
(848, 818)
(819, 849)
(849, 819)
(820, 850)
(850, 820)
(821, 851)
(851, 821)
(822, 852)
(852, 822)
(823, 853)
(853, 823)
(824, 854)
(854, 824)
(825, 855)
(855, 825)
(826, 856)
(856, 826)
(827, 857)
(857, 827)
(828, 858)
(858, 828)
(829, 859)
(859, 829)
(830, 860)
(860, 830)
(831, 861)
(861, 831)
(832, 862)
(862, 832)
(833, 863)
(863, 833)
(834, 864)
(864, 834)
(835, 865)
(865, 835)
(836, 866)
(866, 836)
(837, 867)
(867, 837)
(838, 868)
(868, 838)
(839, 869)
(869, 839)
(840, 870)
(870, 840)
(841, 871)
(871, 841)
(842, 872)
(872, 842)
(843, 873)
(873, 843)
(844, 874)
(874, 844)
(845, 875)
(875, 845)
(846, 876)
(876, 846)
(847, 877)
(877, 847)
(848, 878)
(878, 848)
(849, 879)
(879, 849)
(850, 880)
(880, 850)
(851, 881)
(881, 851)
(852, 882)
(882, 852)
(853, 883)
(883, 853)
(854, 884)
(884, 854)
(855, 885)
(885, 855)
(856, 886)
(886, 856)
(857, 887)
(887, 857)
(858, 888)
(888, 858)
(859, 889)
(889, 859)
(860, 890)
(890, 860)
(861, 891)
(891, 861)
(862, 892)
(892, 862)
(863, 893)
(893, 863)
(864, 894)
(894, 864)
(865, 895)
(895, 865)
(866, 896)
(896, 866)
(867, 897)
(897, 867)
(868, 898)
(898, 868)
(869, 899)
(899, 869)
(870, 900)
(900, 870)